40 40
1 1
11 11
0 27
1 2
1 3
1 4
1 5
1 6
1 7
1 8
1 9
1 10
1 11
1 12
1 13
1 14
1 15
1 16
1 17
1 18
1 19
1 20
1 21
1 22
1 23
1 24
1 25
1 26
1 27
1 28
1 29
1 30
1 31
1 32
1 33
1 34
1 35
1 36
1 37
1 38
2 1
2 22
2 25
2 27
2 38
3 1
3 3
3 4
3 5
3 6
3 7
3 8
3 9
3 10
3 11
3 12
3 13
3 14
3 15
3 22
3 25
3 38
4 1
4 3
4 4
4 5
4 15
4 16
4 17
4 18
4 19
4 20
4 21
4 22
4 25
4 38
5 1
5 3
5 4
5 5
5 15
5 22
5 25
5 38
6 1
6 3
6 14
6 15
6 16
6 22
6 25
6 38
7 1
7 3
7 5
7 15
7 22
7 25
7 38
8 1
8 3
8 5
8 15
8 22
8 25
8 38
9 1
9 3
9 5
9 15
9 22
9 25
9 38
10 1
10 3
10 5
10 15
10 22
10 25
10 38
11 1
11 3
11 5
11 15
11 22
11 25
11 26
11 27
11 28
11 29
11 30
11 31
11 32
11 33
11 34
11 35
11 36
11 37
11 38
12 1
12 3
12 5
12 11
12 15
12 22
12 35
12 37
13 1
13 3
13 5
13 6
13 7
13 8
13 9
13 10
13 11
13 12
13 13
13 15
13 16
13 17
13 18
13 19
13 20
13 21
13 22
13 24
13 25
13 26
13 27
13 28
13 29
13 30
13 31
13 32
13 33
13 34
13 35
13 37
14 1
14 3
14 13
14 22
14 24
14 37
15 1
15 3
15 6
15 13
15 22
15 24
15 37
16 1
16 3
16 4
16 5
16 6
16 7
16 8
16 9
16 10
16 11
16 13
16 22
16 24
16 37
17 1
17 4
17 6
17 11
17 13
17 22
17 24
17 37
18 1
18 4
18 11
18 13
18 22
18 24
18 37
19 1
19 4
19 11
19 13
19 22
19 24
19 37
20 1
20 4
20 11
20 13
20 14
20 15
20 16
20 17
20 18
20 19
20 20
20 22
20 24
20 37
21 1
21 4
21 11
21 20
21 22
21 24
21 37
22 1
22 4
22 11
22 12
22 13
22 14
22 20
22 22
22 23
22 24
22 37
23 1
23 4
23 11
23 14
23 20
23 21
23 37
24 1
24 4
24 11
24 14
24 15
24 16
24 17
24 18
24 19
24 21
24 22
24 23
24 24
24 25
24 26
24 27
24 28
24 29
24 30
24 31
24 32
24 33
24 34
24 35
24 37
25 1
25 4
25 5
25 6
25 7
25 8
25 9
25 10
25 11
25 19
25 35
25 37
26 1
26 19
26 35
26 37
27 1
27 2
27 3
27 4
27 5
27 6
27 7
27 8
27 9
27 10
27 11
27 12
27 13
27 14
27 15
27 16
27 19
27 35
27 37
28 1
28 16
28 19
28 35
28 37
29 0
29 1
29 2
29 16
29 19
29 35
29 36
29 37
30 1
30 16
30 19
30 37
31 1
31 16
31 19
31 37
32 1
32 16
32 19
32 37
33 1
33 16
33 19
33 37
34 1
34 16
34 19
34 21
34 22
34 23
34 24
34 25
34 26
34 27
34 28
34 29
34 30
34 31
34 32
34 33
34 34
34 35
34 36
34 37
35 1
35 16
35 19
36 1
36 16
36 19
36 20
36 21
36 22
36 23
36 24
36 25
36 26
36 27
36 28
36 29
36 30
36 31
36 32
36 34
36 35
36 36
36 37
37 1
37 16
37 17
37 18
37 37
38 1
38 2
38 3
38 4
38 5
38 6
38 7
38 8
38 9
38 10
38 11
38 12
38 13
38 14
38 15
38 16
38 18
38 19
38 20
38 21
38 22
38 23
38 24
38 25
38 26
38 27
38 28
38 29
38 30
38 31
38 32
38 33
38 34
38 35
38 36
38 37
